1.00 
0.75 1.00
0.73 0.85 1.00
0.66 0.85 0.85 1.00
0.64 0.84 0.83 0.90 1.00
0.57 0.79 0.79 0.88 0.90 1.00
0.63 0.77 0.81 0.86 0.87 0.85 1.00
0.59 0.79 0.79 0.85 0.86 0.86 0.90 1.00
0.28 0.30 0.30 0.26 0.22 0.23 0.23 0.24 1.00
0.51 0.46 0.45 0.40 0.37 0.34 0.36 0.34 0.63 1.00
0.49 0.40 0.39 0.36 0.36 0.29 0.33 0.30 0.32 0.54  1.00
0.40 0.45 0.44 0.44 0.42 0.39 0.39 0.36 0.08 0.22  0.22 1.00
0.08 0.22 0.27 0.30 0.30 0.27 0.33 0.27 0.09 0.05 -0.05 0.20 1.00
0.25 0.32 0.31 0.28 0.34 0.37 0.30 0.32 0.12 0.24  0.12 0.20 0.30 1.00